layout_spectrum: 1
color:
  saturation: 0.7824752
  lightness: 0.7408201
  brandStrength: 0.09246113
  rhythmicContrast: 0.3804253
typography_spectrum: 0.1990627
name: Tesla Tuners
